0,390
0,389
0,388
0,387
0,386
0,385
0,384
0,319
0,318
0,317
0,316
0,283
0,243
24,3
24,2
0,9
24,1
24,0
17,2
17,1
17,3
15,2
15,1
15,3
16,2
16,1
16,3
13,2
14,2
4,40
4,41
4,16
4,4
4,31
4,9
4,76
4,29
4,88
4,86
4,35
4,1
4,13
4,2
4,3
6,8
6,7
6,6
6,1
6,4
6,2
6,3
7,8
7,7
7,10
7,4
7,5
7,1
7,13
7,2
7,3
5,4
5,2
5,1
5,3
23,52
23,51
23,50
23,49
23,48
23,47
23,46
23,45
23,44
23,43
23,42
23,41
23,40
23,39
23,38
23,37
23,36
23,35
3,2
3,1
3,3
10,128
10,100
10,106
10,2
10,3
11,11
11,7
11,2
11,3
9,6
9,4
9,2
9,3
8,11
8,4
8,6
8,2
8,3
12,2
12,1
12,3
20,2
20,1
20,3
19,2
19,1
19,3
18,1
18,3
14,1
14,3
13,1
13,3
2,2
2,1
2,3
11,28
11,27
11,26
11,25
11,24
11,23
